# run,W0,D,L,Dp,delDp,phi,Dpcorr,eps,pamb,dpsErg,dpsK,Tmean,phase,phaseshift,TampL,timex,Nuf,Nus,Nuact
0.0000000e+00,1.0000000e-03,1.0000000e-01,1.5000000e+00,2.0000000e-02,0.0000000e+00,1.0000000e+00,1.0000000e+00,2.5000000e-01,1.0132500e+05,7.9522895e+00,9.6003664e+00,2.8312924e+02,8.1009570e-02,5.1988796e-03,7.6160391e-03,8.6245706e-01,1.9685764e+00,1.9439672e+00,1.8516147e+01
1.0000000e+00,3.0000000e-03,1.0000000e-01,1.5000000e+00,2.0000000e-02,0.0000000e+00,1.0000000e+00,1.0000000e+00,2.5000000e-01,1.0132500e+05,5.4282985e+01,7.7482885e+01,2.8310357e+02,8.4457562e-02,1.5414513e-02,3.2817630e-01,8.7264838e-01,7.1218026e+00,7.0851756e+00,3.5033821e+01
2.0000000e+00,6.0000000e-03,1.0000000e-01,1.5000000e+00,2.0000000e-02,0.0000000e+00,1.0000000e+00,1.0000000e+00,2.5000000e-01,1.0132500e+05,1.9984432e+02,3.0101113e+02,2.8313442e+02,8.4389621e-02,1.7338501e-02,1.3073544e+00,6.2350377e-01,1.4365258e+01,1.4285017e+01,5.2486411e+01
3.0000000e+00,9.0000000e-03,1.0000000e-01,1.5000000e+00,2.0000000e-02,0.0000000e+00,1.0000000e+00,1.0000000e+00,2.5000000e-01,1.0132500e+05,4.3668400e+02,6.7058473e+02,2.8309088e+02,8.2863388e-02,1.7341380e-02,2.6054701e+00,4.5595950e-01,1.9654858e+01,1.9628069e+01,6.7536334e+01
4.0000000e+00,1.2000000e-02,1.0000000e-01,1.5000000e+00,2.0000000e-02,0.0000000e+00,1.0000000e+00,1.0000000e+00,2.5000000e-01,1.0132500e+05,7.6480203e+02,1.1862037e+03,2.8310709e+02,8.3196951e-02,1.7337100e-02,4.0892452e+00,3.7222590e-01,2.8460944e+01,2.8496948e+01,8.0952672e+01
5.0000000e+00,1.5000000e-02,1.0000000e-01,1.5000000e+00,2.0000000e-02,0.0000000e+00,1.0000000e+00,1.0000000e+00,2.5000000e-01,1.0132500e+05,1.1841984e+03,1.8478680e+03,2.8312248e+02,8.3394963e-02,1.6466193e-02,5.6696888e+00,3.7170633e-01,3.3096716e+01,3.3059632e+01,9.3302598e+01
6.0000000e+00,1.8000000e-02,1.0000000e-01,1.5000000e+00,2.0000000e-02,0.0000000e+00,1.0000000e+00,1.0000000e+00,2.5000000e-01,1.0132500e+05,1.6948731e+03,2.6555777e+03,2.8314142e+02,8.3528321e-02,1.6593280e-02,7.2754978e+00,2.8785089e-01,4.6473451e+01,4.4462938e+01,1.0490866e+02
7.0000000e+00,1.0000000e-03,1.0000000e-01,1.5000000e+00,2.0000000e-02,0.0000000e+00,1.0000000e+00,1.0000000e+00,3.0000000e-01,1.0132500e+05,4.1914687e+00,5.1318484e+00,2.8315779e+02,8.3620232e-02,7.8096234e-03,1.5988875e-02,8.6507854e-01,2.1940824e+00,2.1660439e+00,1.8599290e+01
8.0000000e+00,3.0000000e-03,1.0000000e-01,1.5000000e+00,2.0000000e-02,0.0000000e+00,1.0000000e+00,1.0000000e+00,3.0000000e-01,1.0132500e+05,2.9008265e+01,4.1689720e+01,2.8306197e+02,8.1845649e-02,1.2803401e-02,4.3401678e-01,8.7000692e-01,8.0635655e+00,8.0116829e+00,3.5337219e+01
9.0000000e+00,6.0000000e-03,1.0000000e-01,1.5000000e+00,2.0000000e-02,0.0000000e+00,1.0000000e+00,1.0000000e+00,3.0000000e-01,1.0132500e+05,1.0731811e+02,1.6226196e+02,2.8308060e+02,8.2175437e-02,1.5125492e-02,1.5772893e+00,6.2128042e-01,1.6944368e+01,1.6849143e+01,5.3149811e+01
1.0000000e+01,9.0000000e-03,1.0000000e-01,1.5000000e+00,2.0000000e-02,0.0000000e+00,1.0000000e+00,1.0000000e+00,3.0000000e-01,1.0132500e+05,2.3492953e+02,3.6171673e+02,2.8315274e+02,8.4335415e-02,1.7341038e-02,3.0231731e+00,4.5596176e-01,2.5951438e+01,2.5883881e+01,6.8581597e+01
1.1000000e+01,1.2000000e-02,1.0000000e-01,1.5000000e+00,2.0000000e-02,0.0000000e+00,1.0000000e+00,1.0000000e+00,3.0000000e-01,1.0132500e+05,4.1184252e+02,6.4005402e+02,2.8311387e+02,8.3198285e-02,1.6236049e-02,4.6355907e+00,3.7113514e-01,2.9743517e+01,2.9693588e+01,8.2385714e+01
1.2000000e+01,1.5000000e-02,1.0000000e-01,1.5000000e+00,2.0000000e-02,0.0000000e+00,1.0000000e+00,1.0000000e+00,3.0000000e-01,1.0132500e+05,6.3805710e+02,9.9727383e+02,2.8313444e+02,8.3396937e-02,1.5586068e-02,6.3182357e+00,2.8745233e-01,3.4196137e+01,3.4141938e+01,9.5125084e+01
1.3000000e+01,1.8000000e-02,1.0000000e-01,1.5000000e+00,2.0000000e-02,0.0000000e+00,1.0000000e+00,1.0000000e+00,3.0000000e-01,1.0132500e+05,9.1357325e+02,1.4333762e+03,2.8315001e+02,8.3535234e-02,1.5862308e-02,8.0137546e+00,2.8715044e-01,4.6942232e+01,4.6904039e+01,1.0712087e+02
1.4000000e+01,1.0000000e-03,1.0000000e-01,1.5000000e+00,2.0000000e-02,0.0000000e+00,1.0000000e+00,1.0000000e+00,3.5000000e-01,1.0132500e+05,2.3903198e+00,2.9695762e+00,2.8315271e+02,8.3620363e-02,7.8095863e-03,3.1022757e-02,8.6507361e-01,2.4170578e+00,2.3848506e+00,1.8708305e+01
1.5000000e+01,3.0000000e-03,1.0000000e-01,1.5000000e+00,2.0000000e-02,0.0000000e+00,1.0000000e+00,1.0000000e+00,3.5000000e-01,1.0132500e+05,1.6780763e+01,2.4284414e+01,2.8306412e+02,8.1844509e-02,1.2803278e-02,5.7045851e-01,8.7000110e-01,8.5985548e+00,8.5144925e+00,3.5729492e+01
1.6000000e+01,6.0000000e-03,1.0000000e-01,1.5000000e+00,2.0000000e-02,0.0000000e+00,1.0000000e+00,1.0000000e+00,3.5000000e-01,1.0132500e+05,6.2390936e+01,9.4695885e+01,2.8315448e+02,8.4384751e-02,1.5160221e-02,1.8979058e+00,5.3910721e-01,1.6136894e+01,1.3878282e+01,5.3955757e+01
1.7000000e+01,9.0000000e-03,1.0000000e-01,1.5000000e+00,2.0000000e-02,0.0000000e+00,1.0000000e+00,1.0000000e+00,3.5000000e-01,1.0132500e+05,1.3683052e+02,2.1123441e+02,2.8310154e+02,8.2863257e-02,1.5869099e-02,3.5093130e+00,4.5449240e-01,2.3989509e+01,2.3925030e+01,6.9903337e+01
1.8000000e+01,1.2000000e-02,1.0000000e-01,1.5000000e+00,2.0000000e-02,0.0000000e+00,1.0000000e+00,1.0000000e+00,3.5000000e-01,1.0132500e+05,2.4009951e+02,3.7390000e+02,2.8311922e+02,8.3200006e-02,1.6235455e-02,5.2565456e+00,3.7114834e-01,3.3976519e+01,3.3914955e+01,8.4185017e+01
1.9000000e+01,1.5000000e-02,1.0000000e-01,1.5000000e+00,2.0000000e-02,0.0000000e+00,1.0000000e+00,1.0000000e+00,3.5000000e-01,1.0132500e+05,3.7219792e+02,5.8269264e+02,2.8314038e+02,8.3402121e-02,1.5585406e-02,7.0474556e+00,2.8747413e-01,3.7002323e+01,3.6954501e+01,9.7400137e+01
2.0000000e+01,1.8000000e-02,1.0000000e-01,1.5000000e+00,2.0000000e-02,0.0000000e+00,1.0000000e+00,1.0000000e+00,3.5000000e-01,1.0132500e+05,5.3312573e+02,8.3761233e+02,2.8315978e+02,8.3543703e-02,1.5132078e-02,8.8294658e+00,2.8645570e-01,5.3574069e+01,5.3521795e+01,1.0986918e+02
2.1000000e+01,1.0000000e-03,1.0000000e-01,1.5000000e+00,2.0000000e-02,0.0000000e+00,1.0000000e+00,1.0000000e+00,4.0000000e-01,1.0132500e+05,1.4406319e+00,1.8169960e+00,2.8314755e+02,8.3620716e-02,7.8095412e-03,5.6247146e-02,8.6506760e-01,2.5719952e+00,2.5357658e+00,1.8853732e+01
2.2000000e+01,3.0000000e-03,1.0000000e-01,1.5000000e+00,2.0000000e-02,0.0000000e+00,1.0000000e+00,1.0000000e+00,4.0000000e-01,1.0132500e+05,1.0264497e+01,1.4959149e+01,2.8313030e+02,8.4443553e-02,1.2803091e-02,7.4340457e-01,8.6999222e-01,8.8741258e+00,8.7853080e+00,3.6243641e+01
2.3000000e+01,6.0000000e-03,1.0000000e-01,1.5000000e+00,2.0000000e-02,0.0000000e+00,1.0000000e+00,1.0000000e+00,4.0000000e-01,1.0132500e+05,3.8356796e+01,5.8442782e+01,2.8309050e+02,8.2179337e-02,1.2956220e-02,2.2793073e+00,5.3688301e-01,1.8392618e+01,1.8256670e+01,5.5046560e+01
2.4000000e+01,9.0000000e-03,1.0000000e-01,1.5000000e+00,2.0000000e-02,0.0000000e+00,1.0000000e+00,1.0000000e+00,4.0000000e-01,1.0132500e+05,8.4276897e+01,1.3045090e+02,2.8311129e+02,8.2861331e-02,1.4411535e-02,4.0580354e+00,3.7016173e-01,2.5987379e+01,2.5886764e+01,7.1590461e+01
2.5000000e+01,1.2000000e-02,1.0000000e-01,1.5000000e+00,2.0000000e-02,0.0000000e+00,1.0000000e+00,1.0000000e+00,4.0000000e-01,1.0132500e+05,1.4802480e+02,2.3098350e+02,2.8312754e+02,8.3202317e-02,1.5135990e-02,5.9528243e+00,3.7006511e-01,3.5645315e+01,3.5567939e+01,8.6463190e+01
2.6000000e+01,1.5000000e-02,1.0000000e-01,1.5000000e+00,2.0000000e-02,0.0000000e+00,1.0000000e+00,1.0000000e+00,4.0000000e-01,1.0132500e+05,2.2960051e+02,3.6004059e+02,2.8314948e+02,8.3407998e-02,1.4707462e-02,7.8631259e+00,2.8662287e-01,4.2832863e+01,4.2758269e+01,1.0026214e+02
2.7000000e+01,1.8000000e-02,1.0000000e-01,1.5000000e+00,2.0000000e-02,0.0000000e+00,1.0000000e+00,1.0000000e+00,4.0000000e-01,1.0132500e+05,3.2900402e+02,5.1762215e+02,2.8317101e+02,8.3554033e-02,1.4402682e-02,9.7350278e+00,2.8576824e-01,4.9789988e+01,4.9752339e+01,1.1330804e+02
2.8000000e+01,1.0000000e-03,1.0000000e-01,1.5000000e+00,2.0000000e-02,0.0000000e+00,1.0000000e+00,1.0000000e+00,4.5000000e-01,1.0132500e+05,9.0333172e-01,1.1573267e+00,2.8314251e+02,8.3621241e-02,7.8094850e-03,9.6675484e-02,8.6506008e-01,2.7364967e+00,2.6967125e+00,1.9051455e+01
2.9000000e+01,3.0000000e-03,1.0000000e-01,1.5000000e+00,2.0000000e-02,0.0000000e+00,1.0000000e+00,1.0000000e+00,4.5000000e-01,1.0132500e+05,6.5358671e+00,9.5933752e+00,2.8314258e+02,8.4434033e-02,1.2781515e-02,9.6551902e-01,7.8552730e-01,9.3726112e+00,9.2595437e+00,3.6960535e+01
3.0000000e+01,6.0000000e-03,1.0000000e-01,1.5000000e+00,2.0000000e-02,0.0000000e+00,1.0000000e+00,1.0000000e+00,4.5000000e-01,1.0132500e+05,2.4549350e+01,3.7550936e+01,2.8318126e+02,8.4372589e-02,1.2956021e-02,2.7292025e+00,5.3687472e-01,1.9896242e+01,1.9765823e+01,5.6469792e+01
3.1000000e+01,9.0000000e-03,1.0000000e-01,1.5000000e+00,2.0000000e-02,0.0000000e+00,1.0000000e+00,1.0000000e+00,4.5000000e-01,1.0132500e+05,5.4040449e+01,8.3872682e+01,2.8311600e+02,8.2861517e-02,1.4411651e-02,4.6970096e+00,3.7016498e-01,3.1575123e+01,3.1467148e+01,7.3764587e+01
3.2000000e+01,1.2000000e-02,1.0000000e-01,1.5000000e+00,2.0000000e-02,0.0000000e+00,1.0000000e+00,1.0000000e+00,4.5000000e-01,1.0132500e+05,9.5009164e+01,1.4855861e+02,2.8320773e+02,8.4301347e-02,1.5139116e-02,6.7386043e+00,2.8687963e-01,3.5621083e+01,3.5528799e+01,8.9372568e+01
3.3000000e+01,1.5000000e-02,1.0000000e-01,1.5000000e+00,2.0000000e-02,0.0000000e+00,1.0000000e+00,1.0000000e+00,4.5000000e-01,1.0132500e+05,1.4745549e+02,2.3160873e+02,2.8316009e+02,8.3415304e-02,1.3830737e-02,8.7820339e+00,2.8577933e-01,4.6256393e+01,4.6205570e+01,1.0389113e+02
3.4000000e+01,1.8000000e-02,1.0000000e-01,1.5000000e+00,2.0000000e-02,0.0000000e+00,1.0000000e+00,1.0000000e+00,4.5000000e-01,1.0132500e+05,2.1137944e+02,3.3302303e+02,2.8312243e+02,8.2838069e-02,1.3673711e-02,1.0745333e+01,2.8508937e-01,5.2498824e+01,5.2474922e+01,1.1764326e+02
3.5000000e+01,1.0000000e-03,1.0000000e-01,1.5000000e+00,2.0000000e-02,0.0000000e+00,1.0000000e+00,1.0000000e+00,5.0000000e-01,1.0132500e+05,5.8265551e-01,7.5873233e-01,2.8313785e+02,8.3621842e-02,7.8094114e-03,1.6063701e-01,8.6505022e-01,3.0111365e+00,2.9666482e+00,1.9325923e+01
3.6000000e+01,3.0000000e-03,1.0000000e-01,1.5000000e+00,2.0000000e-02,0.0000000e+00,1.0000000e+00,1.0000000e+00,5.0000000e-01,1.0132500e+05,4.2834762e+00,6.3330125e+00,2.8315067e+02,8.4431812e-02,1.2781227e-02,1.2433638e+00,7.8551041e-01,1.0635999e+01,1.0522712e+01,3.7884704e+01
3.7000000e+01,6.0000000e-03,1.0000000e-01,1.5000000e+00,2.0000000e-02,0.0000000e+00,1.0000000e+00,1.0000000e+00,5.0000000e-01,1.0132500e+05,1.6173481e+01,2.4836471e+01,2.8310268e+02,8.2174727e-02,1.2932626e-02,3.2540461e+00,4.5248529e-01,1.8948178e+01,1.8802026e+01,5.8394384e+01
3.8000000e+01,9.0000000e-03,1.0000000e-01,1.5000000e+00,2.0000000e-02,0.0000000e+00,1.0000000e+00,1.0000000e+00,5.0000000e-01,1.0132500e+05,3.5670016e+01,5.5510377e+01,2.8320166e+02,8.4329296e-02,1.4411780e-02,5.4268568e+00,3.7016844e-01,2.8823544e+01,2.8698744e+01,7.6594076e+01
3.9000000e+01,1.2000000e-02,1.0000000e-01,1.5000000e+00,2.0000000e-02,0.0000000e+00,1.0000000e+00,1.0000000e+00,5.0000000e-01,1.0132500e+05,6.2773079e+01,9.8354729e+01,2.8314888e+02,8.3207144e-02,1.4041029e-02,7.6470125e+00,2.8580101e-01,4.2727672e+01,4.2658735e+01,9.3121252e+01
4.0000000e+01,1.5000000e-02,1.0000000e-01,1.5000000e+00,2.0000000e-02,0.0000000e+00,1.0000000e+00,1.0000000e+00,5.0000000e-01,1.0132500e+05,9.7482672e+01,1.5336953e+02,2.8310274e+02,8.2549558e-02,1.2955480e-02,9.8208460e+00,2.8494296e-01,5.3923662e+01,5.3816113e+01,1.0853151e+02
4.1000000e+01,1.8000000e-02,1.0000000e-01,1.5000000e+00,2.0000000e-02,0.0000000e+00,1.0000000e+00,1.0000000e+00,5.0000000e-01,1.0132500e+05,1.3979879e+02,2.2055477e+02,2.8313377e+02,8.2854221e-02,1.2945981e-02,1.1881970e+01,2.8442292e-01,6.5605643e+01,6.5546373e+01,1.2311892e+02
0.0000000e+00,9.0000000e-03,1.0000000e-01,1.5000000e+00,2.0000000e-02,0.0000000e+00,1.0000000e+00,1.0000000e+00,4.5500000e-01,1.0132500e+05,5.1782305e+01,8.0389552e+01,2.8311653e+02,8.2861537e-02,1.4411663e-02,4.7654272e+00,3.7016530e-01,3.3507941e+01,3.3386873e+01,7.4014767e+01
0.0000000e+00,9.0000000e-03,1.0000000e-01,1.5000000e+00,2.0000000e-02,0.0000000e+00,1.0000000e+00,1.0000000e+00,4.5500000e-01,1.0132500e+05,5.1782305e+01,8.0389552e+01,2.8311653e+02,8.2861537e-02,1.4411663e-02,4.7654272e+00,3.7016530e-01,3.3507941e+01,3.3386873e+01,7.4014767e+01
0.0000000e+00,9.0000000e-03,1.0000000e-01,1.5000000e+00,2.0000000e-02,0.0000000e+00,1.0000000e+00,1.0000000e+00,4.4530000e-01,1.0132500e+05,5.6267558e+01,8.7307199e+01,2.8311551e+02,8.2861506e-02,1.4411641e-02,4.6334859e+00,3.7016470e-01,2.9322780e+01,2.9218386e+01,7.3535347e+01
0.0000000e+00,9.0000000e-03,1.0000000e-01,1.5000000e+00,2.0000000e-02,0.0000000e+00,1.0000000e+00,1.0000000e+00,4.5500000e-01,1.0132500e+05,5.1782305e+01,8.0389552e+01,2.8311653e+02,8.2861537e-02,1.4411663e-02,4.7654272e+00,3.7016530e-01,3.3507941e+01,3.3386873e+01,7.4014767e+01
0.0000000e+00,9.0000000e-03,1.0000000e-01,1.5000000e+00,2.0000000e-02,0.0000000e+00,1.0000000e+00,1.0000000e+00,4.5500000e-01,1.0132500e+05,4.9082682e+01,7.5955253e+01,2.8311653e+02,8.2861537e-02,1.4411663e-02,4.7654272e+00,3.7016530e-01,3.3507941e+01,3.3386873e+01,7.4014767e+01
0.0000000e+00,9.0000000e-03,1.0000000e-01,1.5000000e+00,2.0000000e-02,0.0000000e+00,1.0000000e+00,1.0000000e+00,4.5500000e-01,1.0132500e+05,5.5005268e+01,4.3735362e+01,2.8311653e+02,8.2861537e-02,1.4411663e-02,4.7654272e+00,3.7016530e-01,3.3507941e+01,3.3386873e+01,7.4014767e+01
0.0000000e+00,9.0000000e-03,1.0000000e-01,1.5000000e+00,2.0000000e-02,0.0000000e+00,1.0000000e+00,1.0000000e+00,4.5500000e-01,1.0132500e+05,5.5005268e+01,8.5276587e+01,2.8311653e+02,8.2861537e-02,1.4411663e-02,4.7654272e+00,3.7016530e-01,3.3507941e+01,3.3386873e+01,7.4014767e+01
0.0000000e+00,9.0000000e-03,1.0000000e-01,1.5000000e+00,2.0000000e-02,0.0000000e+00,1.0000000e+00,1.0000000e+00,4.5500000e-01,1.0132500e+05,5.5005268e+01,8.5276587e+01,2.8311653e+02,8.2861537e-02,1.4411663e-02,4.7654272e+00,3.7016530e-01,3.3507941e+01,3.3386873e+01,7.4014767e+01
0.0000000e+00,9.0000000e-03,1.0000000e-01,1.5000000e+00,2.0000000e-02,0.0000000e+00,1.0000000e+00,1.0000000e+00,4.5500000e-01,1.0132500e+05,5.5005268e+01,8.5276587e+01,2.8311653e+02,8.2861537e-02,1.4411663e-02,4.7654272e+00,3.7016530e-01,3.3507941e+01,3.3386873e+01,7.4014767e+01
0.0000000e+00,9.0000000e-03,1.0000000e-01,1.5000000e+00,2.0000000e-02,0.0000000e+00,1.0000000e+00,1.0000000e+00,4.5500000e-01,1.0132500e+05,5.1782305e+01,8.0389552e+01,2.8311653e+02,8.2861537e-02,1.4411663e-02,4.7654272e+00,3.7016530e-01,3.3507941e+01,3.3386873e+01,7.4014767e+01
0.0000000e+00,9.0000000e-03,1.0000000e-01,1.5000000e+00,2.0000000e-02,0.0000000e+00,1.0000000e+00,1.0000000e+00,4.5500000e-01,1.0132500e+05,5.1782305e+01,8.0389552e+01,2.8311653e+02,8.2861537e-02,1.4411663e-02,4.7654272e+00,3.7016530e-01,3.3507941e+01,3.3386873e+01,7.4014767e+01
0.0000000e+00,9.0000000e-03,1.0000000e-01,1.5000000e+00,2.0000000e-02,0.0000000e+00,1.0000000e+00,1.0000000e+00,4.6000000e-01,1.0132500e+05,4.9632315e+01,7.7072504e+01,2.8311707e+02,8.2861566e-02,1.4411676e-02,4.8347257e+00,3.7016564e-01,2.7433426e+01,2.7334336e+01,7.4271645e+01
0.0000000e+00,9.0000000e-03,1.0000000e-01,1.5000000e+00,2.0000000e-02,0.0000000e+00,1.0000000e+00,1.0000000e+00,4.5500000e-01,1.0132500e+05,5.1782305e+01,8.0389552e+01,2.8311653e+02,8.2861537e-02,1.4411663e-02,4.7654272e+00,3.7016530e-01,3.3507941e+01,3.3386873e+01,7.4014767e+01
0.0000000e+00,9.0000000e-03,1.0000000e-01,1.5000000e+00,2.0000000e-02,0.0000000e+00,1.0000000e+00,1.0000000e+00,4.5700000e-01,1.0132500e+05,5.0909682e+01,7.9043341e+01,2.8311674e+02,8.2861548e-02,1.4411668e-02,4.7930400e+00,3.7016543e-01,2.6038063e+01,2.5936954e+01,7.4116703e+01
0.0000000e+00,9.0000000e-03,1.0000000e-01,1.5000000e+00,2.0000000e-02,0.0000000e+00,1.0000000e+00,1.0000000e+00,4.5500000e-01,1.0132500e+05,5.1782305e+01,8.0389552e+01,2.8311653e+02,8.2861537e-02,1.4411663e-02,4.7654272e+00,3.7016530e-01,3.3507941e+01,3.3386873e+01,7.4014767e+01
0.0000000e+00,9.0000000e-03,1.0000000e-01,1.5000000e+00,2.0000000e-02,0.0000000e+00,1.0000000e+00,1.0000000e+00,4.5500000e-01,1.0132500e+05,5.1782305e+01,8.0389552e+01,2.8315816e+02,8.2961720e-02,7.1564919e-03,6.9604377e+00,3.6324876e-01,2.6296775e+01,2.6220580e+01,5.2521128e+01
0.0000000e+00,9.0000000e-03,1.0000000e-01,1.5000000e+00,2.0000000e-02,0.0000000e+00,1.0000000e+00,1.0000000e+00,4.5500000e-01,1.0132500e+05,5.1782305e+01,8.0389552e+01,2.8313743e+02,8.2916053e-02,1.0041159e-02,5.7021047e+00,3.6596569e-01,2.6802738e+01,2.6729384e+01,6.2568875e+01
0.0000000e+00,9.0000000e-03,1.0000000e-01,1.5000000e+00,2.0000000e-02,0.0000000e+00,1.0000000e+00,1.0000000e+00,4.5500000e-01,1.0132500e+05,5.1782305e+01,8.0389552e+01,2.8313743e+02,8.2916053e-02,1.0041159e-02,5.7021047e+00,3.6596569e-01,2.6802738e+01,2.6729384e+01,6.2568875e+01
0.0000000e+00,9.0000000e-03,1.0000000e-01,1.5000000e+00,2.0000000e-02,0.0000000e+00,1.0000000e+00,1.0000000e+00,4.5500000e-01,1.0132500e+05,5.1782305e+01,8.0389552e+01,2.8315816e+02,8.2961720e-02,7.1564919e-03,6.9604377e+00,3.6324876e-01,2.6296775e+01,2.6220580e+01,5.2521128e+01
0.0000000e+00,9.0000000e-03,1.0000000e-01,1.5000000e+00,2.0000000e-02,0.0000000e+00,1.0000000e+00,1.0000000e+00,4.5500000e-01,1.0132500e+05,5.1782305e+01,8.0389552e+01,2.8311653e+02,8.2861537e-02,1.4411663e-02,4.7654272e+00,3.7016530e-01,3.3507941e+01,3.3386873e+01,7.4014767e+01
0.0000000e+00,9.0000000e-03,1.0000000e-01,1.5000000e+00,2.0000000e-02,0.0000000e+00,1.0000000e+00,1.0000000e+00,4.5500000e-01,1.0132500e+05,5.1782305e+01,8.0389552e+01,2.8315816e+02,8.2961720e-02,7.1564919e-03,6.9604377e+00,3.6324876e-01,2.6296775e+01,2.6220580e+01,5.2521128e+01
0.0000000e+00,9.0000000e-03,1.0000000e-01,1.5000000e+00,2.0000000e-02,0.0000000e+00,1.0000000e+00,1.0000000e+00,4.5500000e-01,1.0132500e+05,5.1782305e+01,8.0389552e+01,2.8311653e+02,8.2861537e-02,1.4411663e-02,4.7654272e+00,3.7016530e-01,3.3507941e+01,3.3386873e+01,7.4014767e+01
0.0000000e+00,9.0000000e-03,1.0000000e-01,1.5000000e+00,2.0000000e-02,0.0000000e+00,1.0000000e+00,1.0000000e+00,4.5500000e-01,1.0132500e+05,5.1782305e+01,8.0389552e+01,2.8311299e+02,8.3760548e-02,1.4547492e-02,4.7619482e+00,3.6949206e-01,2.8431707e+01,2.8395241e+01,7.6327537e+01
0.0000000e+00,9.0000000e-03,1.0000000e-01,1.5000000e+00,2.0000000e-02,0.0000000e+00,1.0000000e+00,1.0000000e+00,4.5500000e-01,1.0132500e+05,5.1782305e+01,8.0389552e+01,2.8311299e+02,8.3760548e-02,1.4547492e-02,4.7619482e+00,3.6949206e-01,2.8431707e+01,2.8395241e+01,7.6327537e+01
0.0000000e+00,9.0000000e-03,1.0000000e-01,1.5000000e+00,2.0000000e-02,0.0000000e+00,1.0000000e+00,1.0000000e+00,4.5500000e-01,1.0132500e+05,5.1782305e+01,8.0389552e+01,2.8311653e+02,8.2861537e-02,1.4411663e-02,4.7654272e+00,3.7016530e-01,3.3507941e+01,3.3386873e+01,7.4014767e+01
0.0000000e+00,9.0000000e-03,1.0000000e-01,1.5000000e+00,2.0000000e-02,0.0000000e+00,1.0000000e+00,1.0000000e+00,4.5500000e-01,1.0132500e+05,5.1782305e+01,8.0389552e+01,2.8311653e+02,8.2861537e-02,1.4411663e-02,4.7654272e+00,3.7016530e-01,3.3507941e+01,3.3386873e+01,7.4014767e+01
0.0000000e+00,9.0000000e-03,1.0000000e-01,1.5000000e+00,2.0000000e-02,0.0000000e+00,1.0000000e+00,1.0000000e+00,4.5500000e-01,1.0132500e+05,5.1782305e+01,8.0389552e+01,2.8311653e+02,8.2861537e-02,1.4411663e-02,4.7654272e+00,3.7016530e-01,3.3507941e+01,3.3386873e+01,7.4014767e+01
0.0000000e+00,9.0000000e-03,1.0000000e-01,1.5000000e+00,2.0000000e-02,0.0000000e+00,1.0000000e+00,1.0000000e+00,4.5500000e-01,1.0132500e+05,5.1782305e+01,8.0389552e+01,2.8324213e+02,8.4420678e-02,7.1571524e-03,7.6396804e+00,3.6333559e-01,1.9207291e+01,2.3086779e+01,4.8387643e+01
0.0000000e+00,9.0000000e-03,1.0000000e-01,1.5000000e+00,2.0000000e-02,0.0000000e+00,1.0000000e+00,1.0000000e+00,4.5500000e-01,1.0132500e+05,5.1782305e+01,8.0389552e+01,2.8313989e+02,8.2919241e-02,1.0041348e-02,5.7912826e+00,3.6597902e-01,2.7480612e+01,2.7400361e+01,6.1748428e+01
0.0000000e+00,9.0000000e-03,1.0000000e-01,1.5000000e+00,2.0000000e-02,0.0000000e+00,1.0000000e+00,1.0000000e+00,4.5500000e-01,1.0132500e+05,5.1782305e+01,8.0389552e+01,2.8313989e+02,8.2919241e-02,1.0041348e-02,5.7912826e+00,3.6597902e-01,2.7480612e+01,2.7400361e+01,6.1721787e+01
0.0000000e+00,9.0000000e-03,1.0000000e-01,1.5000000e+00,2.0000000e-02,0.0000000e+00,1.0000000e+00,1.0000000e+00,4.5500000e-01,1.0132500e+05,5.1782305e+01,8.0389552e+01,2.8311653e+02,8.2861537e-02,1.4411663e-02,4.7654272e+00,3.7016530e-01,3.3507938e+01,3.3386870e+01,7.3938288e+01
0.0000000e+00,9.0000000e-03,1.0000000e-01,1.5000000e+00,2.0000000e-02,0.0000000e+00,1.0000000e+00,1.0000000e+00,4.5500000e-01,1.0132500e+05,5.1782305e+01,8.0389552e+01,2.8313743e+02,8.2916053e-02,1.0041159e-02,5.7021047e+00,3.6596569e-01,2.6802738e+01,2.6729384e+01,6.2541063e+01
0.0000000e+00,9.0000000e-03,1.0000000e-01,1.5000000e+00,2.0000000e-02,0.0000000e+00,1.0000000e+00,1.0000000e+00,4.5500000e-01,1.0132500e+05,5.1782305e+01,8.0389552e+01,2.8315816e+02,8.2961720e-02,7.1564919e-03,6.9604377e+00,3.6324876e-01,2.6296779e+01,2.6220584e+01,5.2498406e+01
0.0000000e+00,9.0000000e-03,1.0000000e-01,1.5000000e+00,2.0000000e-02,0.0000000e+00,1.0000000e+00,1.0000000e+00,4.5500000e-01,1.0132500e+05,5.1782305e+01,8.0389552e+01,2.8315816e+02,8.2961720e-02,7.1564919e-03,6.9604377e+00,3.6324876e-01,2.6296779e+01,2.6220584e+01,5.2521128e+01
0.0000000e+00,9.0000000e-03,1.0000000e-01,1.5000000e+00,2.0000000e-02,0.0000000e+00,1.0000000e+00,1.0000000e+00,4.5500000e-01,1.0132500e+05,5.1782305e+01,8.0389552e+01,2.8313743e+02,8.2916053e-02,1.0041159e-02,5.7021047e+00,3.6596569e-01,2.6802738e+01,2.6729384e+01,6.2568875e+01
0.0000000e+00,9.0000000e-03,1.0000000e-01,1.5000000e+00,2.0000000e-02,0.0000000e+00,1.0000000e+00,1.0000000e+00,4.5500000e-01,1.0132500e+05,5.1782305e+01,8.0389552e+01,2.8311653e+02,8.2861537e-02,1.4411663e-02,4.7654272e+00,3.7016530e-01,3.3507938e+01,3.3386870e+01,7.4014767e+01
0.0000000e+00,9.0000000e-03,1.0000000e-01,1.5000000e+00,2.0000000e-02,0.0000000e+00,1.0000000e+00,1.0000000e+00,4.5500000e-01,1.0132500e+05,5.1782305e+01,8.0389552e+01,2.8296934e+02,8.3006134e-02,2.0015740e-02,3.2233021e+01,3.3357586e-01,2.5141835e+02,3.4187044e+02,1.2097829e+04
0.0000000e+00,9.0000000e-03,1.0000000e-01,1.5000000e+00,2.0000000e-02,0.0000000e+00,1.0000000e+00,1.0000000e+00,4.5500000e-01,1.0132500e+05,5.1782305e+01,8.0389552e+01,2.8323091e+02,1.6603616e-01,5.9985716e-02,3.3460198e+01,4.3699923e-01,3.8740975e+02,3.5420196e+02,1.2097598e+04
0.0000000e+00,9.0000000e-03,1.0000000e-01,1.5000000e+00,2.0000000e-02,0.0000000e+00,1.0000000e+00,1.0000000e+00,4.5500000e-01,1.0132500e+05,5.1782305e+01,8.0389552e+01,2.8341577e+02,2.5031598e-01,5.9971231e-02,3.3810236e+01,6.2452911e-01,3.7909615e+02,3.6836773e+02,1.2098896e+04
0.0000000e+00,9.0000000e-03,1.0000000e-01,1.5000000e+00,2.0000000e-02,0.0000000e+00,1.0000000e+00,1.0000000e+00,4.5500000e-01,1.0132500e+05,5.1782305e+01,8.0389552e+01,2.8317559e+02,1.6695764e-01,3.4586027e-02,1.0864794e+01,5.7715825e-01,2.9454442e+01,2.9427396e+01,7.4017887e+01
0.0000000e+00,9.0000000e-03,1.0000000e-01,1.5000000e+00,2.0000000e-02,0.0000000e+00,1.0000000e+00,1.0000000e+00,4.5500000e-01,1.0132500e+05,5.1782305e+01,8.0389552e+01,2.8311653e+02,8.2861537e-02,1.4411663e-02,4.7654272e+00,3.7016530e-01,3.3507938e+01,3.3386870e+01,7.4014767e+01
0.0000000e+00,9.0000000e-03,1.0000000e-01,1.5000000e+00,2.0000000e-02,0.0000000e+00,1.0000000e+00,1.0000000e+00,4.5500000e-01,1.0132500e+05,5.1782305e+01,8.0389552e+01,2.8313674e+02,8.2893149e-02,1.2949374e-02,4.9540743e+00,3.6881175e-01,2.6307885e+01,2.6961360e+01,7.4013979e+01
0.0000000e+00,9.0000000e-03,1.0000000e-01,1.5000000e+00,2.0000000e-02,0.0000000e+00,1.0000000e+00,1.0000000e+00,4.5500000e-01,1.0132500e+05,5.1782305e+01,8.0389552e+01,2.8321840e+02,8.4371266e-02,1.2951015e-02,5.2694669e+00,3.6888262e-01,2.6329777e+01,2.7340073e+01,7.4013502e+01
0.0000000e+00,9.0000000e-03,1.0000000e-01,1.5000000e+00,2.0000000e-02,0.0000000e+00,1.0000000e+00,1.0000000e+00,4.5500000e-01,1.0132500e+05,5.1782305e+01,8.0389552e+01,2.8313674e+02,8.2893149e-02,1.2949374e-02,4.9540743e+00,3.6881175e-01,2.6307885e+01,2.6961360e+01,7.4013979e+01
0.0000000e+00,9.0000000e-03,1.0000000e-01,1.5000000e+00,2.0000000e-02,0.0000000e+00,1.0000000e+00,1.0000000e+00,4.5500000e-01,1.0132500e+05,5.1782305e+01,8.0389552e+01,2.8312775e+02,8.2896018e-02,1.2949563e-02,4.9194018e+00,3.6881994e-01,2.9184950e+01,2.9673354e+01,7.4013902e+01
0.0000000e+00,9.0000000e-03,1.0000000e-01,1.5000000e+00,2.0000000e-02,0.0000000e+00,1.0000000e+00,1.0000000e+00,4.5500000e-01,1.0132500e+05,5.1782305e+01,8.0389552e+01,2.8311653e+02,8.2861537e-02,1.4411663e-02,4.7654272e+00,3.7016530e-01,3.3507938e+01,3.3386870e+01,7.4014767e+01
0.0000000e+00,9.0000000e-03,1.0000000e-01,1.5000000e+00,2.0000000e-02,0.0000000e+00,1.0000000e+00,1.0000000e+00,4.5500000e-01,1.0132500e+05,5.1782305e+01,8.0389552e+01,2.8320389e+02,8.3085961e-02,2.8559101e-03,1.3514677e+01,3.5802532e-01,1.7965723e+01,1.7899628e+01,2.7462567e+01
0.0000000e+00,9.0000000e-03,1.0000000e-01,1.5000000e+00,2.0000000e-02,0.0000000e+00,1.0000000e+00,1.0000000e+00,4.5500000e-01,1.0132500e+05,5.1782305e+01,8.0389552e+01,2.8317353e+02,8.3031866e-02,5.7156232e-03,9.7440627e+00,3.6065424e-01,2.1504473e+01,2.1415304e+01,3.8781121e+01
0.0000000e+00,9.0000000e-03,1.0000000e-01,1.5000000e+00,2.0000000e-02,0.0000000e+00,1.0000000e+00,1.0000000e+00,4.5500000e-01,1.0132500e+05,5.1782305e+01,8.0389552e+01,2.8316173e+02,8.2976113e-02,7.1569505e-03,7.4685413e+00,3.6330926e-01,2.3650477e+01,2.3547062e+01,4.9397911e+01
0.0000000e+00,9.0000000e-03,1.0000000e-01,1.5000000e+00,2.0000000e-02,0.0000000e+00,1.0000000e+00,1.0000000e+00,4.5500000e-01,1.0132500e+05,5.1782305e+01,8.0389552e+01,2.8312265e+02,8.2859338e-02,1.4411456e-02,4.7565306e+00,3.7015771e-01,3.1731882e+01,3.1614420e+01,7.4133143e+01
0.0000000e+00,9.0000000e-03,1.0000000e-01,1.5000000e+00,2.0000000e-02,0.0000000e+00,1.0000000e+00,1.0000000e+00,4.5500000e-01,1.0132500e+05,5.1782305e+01,8.0389552e+01,2.8310163e+02,8.2785372e-02,2.0260663e-02,3.8958178e+00,3.7571671e-01,3.1876557e+01,3.1760784e+01,9.2668626e+01
0.0000000e+00,9.0000000e-03,1.0000000e-01,1.5000000e+00,2.0000000e-02,0.0000000e+00,1.0000000e+00,1.0000000e+00,4.5500000e-01,1.0132500e+05,5.1782305e+01,8.0389552e+01,2.8311653e+02,8.2861537e-02,1.4411663e-02,4.7654272e+00,3.7016530e-01,3.3507938e+01,3.3386870e+01,7.4014767e+01
0.0000000e+00,9.0000000e-03,1.0000000e-01,1.5000000e+00,2.0000000e-02,0.0000000e+00,1.0000000e+00,1.0000000e+00,4.5500000e-01,1.0132500e+05,5.1782305e+01,8.0389552e+01,2.8315492e+02,8.2860393e-02,1.4411728e-02,4.7653540e+00,3.7016820e-01,3.0364990e+01,3.0230566e+01,7.4014797e+01
0.0000000e+00,9.0000000e-03,1.0000000e-01,1.5000000e+00,2.0000000e-02,0.0000000e+00,1.0000000e+00,1.0000000e+00,4.5500000e-01,1.0132500e+05,5.1782305e+01,8.0389552e+01,2.8311653e+02,8.2861537e-02,1.4411663e-02,4.7654272e+00,3.7016530e-01,3.3507938e+01,3.3386870e+01,7.4014767e+01
0.0000000e+00,9.0000000e-03,1.0000000e-01,1.5000000e+00,2.0000000e-02,0.0000000e+00,1.0000000e+00,1.0000000e+00,4.6500000e-01,1.0132500e+05,4.7584369e+01,7.3912183e+01,2.8311763e+02,8.2861603e-02,1.4411689e-02,4.9049221e+00,3.7016601e-01,2.9998623e+01,2.9905223e+01,7.4535427e+01
0.0000000e+00,9.0000000e-03,1.0000000e-01,1.5000000e+00,2.0000000e-02,0.0000000e+00,1.0000000e+00,1.0000000e+00,4.3500000e-01,1.0132500e+05,6.1531606e+01,9.5422385e+01,2.8311448e+02,8.2861504e-02,1.4411619e-02,4.4968845e+00,3.7016411e-01,2.6185234e+01,2.6092565e+01,7.3052276e+01
0.0000000e+00,9.0000000e-03,1.0000000e-01,1.4500000e+00,2.0000000e-02,0.0000000e+00,1.0000000e+00,1.0000000e+00,4.5500000e-01,1.0132500e+05,5.0056228e+01,7.7709900e+01,2.8312335e+02,8.2964664e-02,1.3915979e-02,5.0892972e+00,3.6934833e-01,2.8894888e+01,2.8806302e+01,7.4012047e+01
0.0000000e+00,9.0000000e-03,1.0000000e-01,1.7500000e+00,2.0000000e-02,0.0000000e+00,1.0000000e+00,1.0000000e+00,4.5500000e-01,1.0132500e+05,6.0412689e+01,9.3787811e+01,2.8311070e+02,8.2846529e-02,1.6856048e-02,3.4319717e+00,3.7279431e-01,2.5739195e+01,2.5669953e+01,7.4015146e+01
0.0000000e+00,9.0000000e-03,1.0000000e-01,1.5000000e+00,2.0000000e-02,0.0000000e+00,1.0000000e+00,1.0000000e+00,4.5500000e-01,1.0132500e+05,5.1782305e+01,8.0389552e+01,2.8311653e+02,8.2861537e-02,1.4411663e-02,4.7654272e+00,3.7016530e-01,3.3507938e+01,3.3386870e+01,7.4014767e+01
0.0000000e+00,9.0000000e-03,1.0000000e-01,1.5000000e+00,2.0000000e-02,0.0000000e+00,1.0000000e+00,1.0000000e+00,4.5500000e-01,1.0132500e+05,5.1782305e+01,8.0389552e+01,2.8311653e+02,8.2861537e-02,1.4411663e-02,4.7654272e+00,3.7016530e-01,3.3507938e+01,3.3386870e+01,7.4014767e+01
0.0000000e+00,9.0000000e-03,1.0000000e-01,1.5000000e+00,2.0000000e-02,0.0000000e+00,1.0000000e+00,1.0000000e+00,4.5500000e-01,1.0132500e+05,5.1782305e+01,8.0389552e+01,2.8311653e+02,8.2861537e-02,1.4411663e-02,4.7654272e+00,3.7016530e-01,3.3507941e+01,3.3386873e+01,7.4014767e+01
0.0000000e+00,9.0000000e-03,1.0000000e-01,1.5000000e+00,2.0000000e-02,0.0000000e+00,1.0000000e+00,1.0000000e+00,4.5500000e-01,1.0132500e+05,5.1782305e+01,8.0389552e+01,2.8311653e+02,8.2861537e-02,1.4411663e-02,4.7654272e+00,3.7016530e-01,3.3507941e+01,3.3386873e+01,7.4014767e+01
0.0000000e+00,9.0000000e-03,1.0000000e-01,1.5000000e+00,2.0000000e-02,0.0000000e+00,1.0000000e+00,1.0000000e+00,4.5500000e-01,1.0132500e+05,5.1782305e+01,8.0389552e+01,2.8311653e+02,8.2861537e-02,1.4411663e-02,4.7654272e+00,3.7016530e-01,3.3507941e+01,3.3386873e+01,7.4014767e+01
0.0000000e+00,9.0000000e-03,1.0000000e-01,1.5000000e+00,2.0000000e-02,0.0000000e+00,1.0000000e+00,1.0000000e+00,4.5500000e-01,1.0132500e+05,5.1782305e+01,8.0389552e+01,2.8311653e+02,8.2861537e-02,1.4411663e-02,4.7654272e+00,3.7016530e-01,3.3507941e+01,3.3386873e+01,7.4014767e+01
